0, F, 0, 10
0, F, 10, 20
0, F, 20, 30
0, F, 30, 40
0, F, 40, 50
0, F, 50, 60
0, F, 60, 70
0, F, 70, 80
0, F, 80, 90
0, F, 90, 100
0, F, 100, 110
0, F, 110, 120
0, F, 120, 130
0, F, 130, 140
0, F, 140, 150
0, F, 150, 160
0, F, 160, 170
0, F, 170, 180
0, F, 180, 190
0, F, 190, 200
0, F, 200, 210
0, F, 210, 220
0, F, 220, 230
0, F, 230, 240
0, B, 297, 308
0, W, 308, 313
0, B, 322, 333
0, W, 333, 338
0, B, 347, 358
0, W, 358, 363
0, B, 372, 383
0, W, 383, 388
0, B, 397, 408
0, W, 408, 413
0, B, 422, 433
0, W, 433, 438
0, B, 440, 451
0, W, 451, 456
0, B, 460, 471
0, W, 471, 476
0, B, 485, 496
0, W, 496, 501
0, B, 510, 521
0, W, 521, 526
0, B, 535, 546
0, W, 546, 551
0, B, 555, 566
0, W, 566, 571
0, B, 582, 593
0, W, 593, 598
0, B, 609, 620
0, W, 620, 625
0, B, 629, 640
0, W, 640, 645
0, B, 656, 667
0, W, 667, 672
0, B, 676, 687
0, W, 687, 692
0, B, 696, 707
0, W, 707, 712
0, B, 716, 727
0, W, 727, 732
0, B, 743, 754
0, W, 754, 759
0, B, 763, 774
0, W, 774, 779
0, B, 790, 801
0, W, 801, 806
0, B, 810, 821
0, W, 821, 826
0, B, 830, 841
0, W, 841, 846
1, F, 10, 21
1, F, 21, 32
1, F, 32, 43
1, F, 43, 54
1, F, 54, 65
1, F, 65, 76
1, F, 76, 87
1, F, 87, 98
1, F, 98, 109
1, F, 109, 120
1, F, 120, 131
1, F, 131, 142
1, F, 142, 153
1, F, 153, 164
1, F, 164, 175
1, F, 175, 186
1, F, 186, 197
1, F, 197, 208
1, F, 208, 219
1, F, 219, 230
1, F, 230, 241
1, F, 241, 252
1, F, 252, 263
1, B, 285, 297
1, F, 297, 308
1, B, 310, 322
1, W, 322, 328
1, B, 335, 347
1, W, 347, 353
1, W, 353, 359
1, B, 360, 372
1, W, 372, 378
1, B, 385, 397
1, W, 397, 403
1, B, 410, 422
1, W, 422, 428
1, B, 428, 440
1, W, 440, 446
1, B, 448, 460
1, W, 460, 466
1, B, 473, 485
1, W, 485, 491
1, B, 498, 510
1, W, 510, 516
1, B, 523, 535
1, W, 535, 541
1, B, 543, 555
1, W, 555, 561
1, B, 570, 582
1, W, 582, 588
1, B, 597, 609
1, W, 609, 615
1, B, 617, 629
1, W, 629, 635
1, B, 644, 656
1, W, 656, 662
1, B, 664, 676
1, W, 676, 682
1, B, 684, 696
1, W, 696, 702
1, B, 704, 716
1, W, 716, 722
1, B, 731, 743
1, W, 743, 749
1, B, 751, 763
1, W, 763, 769
1, B, 778, 790
1, W, 790, 796
1, B, 798, 810
1, W, 810, 816
1, B, 818, 830
1, W, 830, 836
2, F, 21, 32
2, F, 32, 43
2, F, 43, 54
2, F, 54, 65
2, F, 65, 76
2, F, 76, 87
2, F, 87, 98
2, F, 98, 109
2, F, 109, 120
2, F, 120, 131
2, F, 131, 142
2, F, 142, 153
2, F, 153, 164
2, F, 164, 175
2, F, 175, 186
2, F, 186, 197
2, F, 197, 208
2, F, 208, 219
2, F, 219, 230
2, F, 230, 241
2, B, 272, 285
2, F, 285, 296
2, B, 297, 310
2, F, 310, 321
2, B, 322, 335
2, F, 335, 346
2, B, 347, 360
2, F, 360, 371
2, B, 372, 385
2, W, 385, 391
2, W, 391, 397
2, B, 397, 410
2, B, 410, 423
2, W, 423, 429
2, W, 429, 435
2, B, 435, 448
2, W, 448, 454
2, W, 454, 460
2, B, 460, 473
2, W, 473, 479
2, W, 479, 485
2, B, 485, 498
2, W, 498, 504
2, W, 504, 510
2, B, 510, 523
2, W, 523, 529
2, B, 530, 543
2, W, 543, 549
2, B, 557, 570
2, W, 570, 576
2, B, 584, 597
2, W, 597, 603
2, B, 604, 617
2, W, 617, 623
2, B, 631, 644
2, W, 644, 650
2, B, 651, 664
2, W, 664, 670
2, B, 671, 684
2, W, 684, 690
2, B, 691, 704
2, W, 704, 710
2, B, 718, 731
2, W, 731, 737
2, B, 738, 751
2, W, 751, 757
2, B, 765, 778
2, W, 778, 784
2, B, 785, 798
2, W, 798, 804
2, B, 805, 818
2, W, 818, 824
3, F, 32, 44
3, F, 44, 56
3, F, 56, 68
3, F, 68, 80
3, F, 80, 92
3, F, 92, 104
3, F, 104, 116
3, F, 116, 128
3, F, 128, 140
3, F, 140, 152
3, F, 152, 164
3, F, 164, 176
3, F, 176, 188
3, F, 188, 200
3, F, 200, 212
3, F, 212, 224
3, B, 259, 272
3, F, 272, 284
3, B, 284, 297
3, F, 297, 309
3, B, 309, 322
3, F, 322, 334
3, B, 334, 347
3, F, 347, 359
3, B, 359, 372
3, F, 372, 384
3, B, 384, 397
3, B, 397, 410
3, F, 410, 422
3, B, 422, 435
3, F, 435, 447
3, B, 447, 460
3, F, 460, 472
3, B, 472, 485
3, W, 485, 492
3, B, 493, 506
3, W, 506, 513
3, B, 517, 530
3, W, 530, 537
3, W, 537, 544
3, B, 544, 557
3, W, 557, 564
3, W, 564, 571
3, B, 571, 584
3, W, 584, 591
3, B, 591, 604
3, W, 604, 611
3, W, 611, 618
3, B, 618, 631
3, W, 631, 638
3, B, 638, 651
3, W, 651, 658
3, B, 658, 671
3, W, 671, 678
3, B, 678, 691
3, W, 691, 698
3, W, 698, 705
3, B, 705, 718
3, W, 718, 725
3, B, 725, 738
3, W, 738, 745
3, W, 745, 752
3, B, 752, 765
3, W, 765, 772
3, B, 772, 785
3, W, 785, 792
3, B, 792, 805
3, W, 805, 812
3, W, 812, 819
3, W, 819, 826
3, W, 826, 833
3, W, 833, 840
4, F, 44, 55
4, F, 56, 67
4, F, 68, 79
4, F, 80, 91
4, F, 92, 103
4, F, 104, 115
4, F, 116, 127
4, F, 128, 139
4, F, 140, 151
4, F, 152, 163
4, F, 164, 175
4, F, 176, 187
4, F, 188, 199
4, F, 200, 211
4, B, 246, 259
4, F, 259, 270
4, B, 270, 283
4, F, 283, 294
4, B, 294, 307
4, F, 307, 318
4, B, 318, 331
4, F, 331, 342
4, B, 342, 355
4, F, 355, 366
4, B, 366, 379
4, B, 384, 397
4, F, 397, 408
4, B, 408, 421
4, F, 421, 432
4, B, 432, 445
4, F, 445, 456
4, B, 456, 469
4, F, 469, 480
4, B, 480, 493
4, F, 493, 504
4, B, 504, 517
4, W, 517, 524
4, W, 524, 531
4, B, 531, 544
4, W, 544, 551
4, W, 551, 558
4, B, 558, 571
4, W, 571, 578
4, B, 578, 591
4, W, 591, 598
4, W, 598, 605
4, B, 605, 618
4, W, 618, 625
4, B, 625, 638
4, W, 638, 645
4, B, 645, 658
4, W, 658, 665
4, B, 665, 678
4, W, 678, 685
4, W, 685, 692
4, B, 692, 705
4, W, 705, 712
4, B, 712, 725
4, W, 725, 732
4, W, 732, 739
4, B, 739, 752
4, W, 752, 759
4, B, 759, 772
4, W, 772, 779
4, B, 779, 792
4, W, 792, 799
4, W, 799, 806
4, W, 806, 813
4, W, 813, 820
4, W, 820, 827
4, W, 827, 834
4, W, 834, 841
5, F, 55, 66
5, F, 67, 78
5, F, 79, 90
5, F, 91, 102
5, F, 103, 114
5, F, 115, 126
5, F, 127, 138
5, F, 139, 150
5, F, 151, 162
5, F, 163, 174
5, F, 175, 186
5, F, 187, 198
5, B, 233, 246
5, F, 246, 257
5, B, 257, 270
5, F, 270, 281
5, B, 281, 294
5, F, 294, 305
5, B, 305, 318
5, F, 318, 329
5, B, 329, 342
5, F, 342, 353
5, B, 353, 366
5, B, 371, 384
5, F, 384, 395
5, B, 395, 408
5, F, 408, 419
5, B, 419, 432
5, F, 432, 443
5, B, 443, 456
5, F, 456, 467
5, B, 467, 480
5, F, 480, 491
5, B, 491, 504
5, F, 504, 515
5, B, 515, 528
5, F, 528, 539
5, B, 539, 552
5, W, 552, 558
5, W, 558, 564
5, B, 564, 577
5, W, 577, 583
5, W, 583, 589
5, B, 589, 602
5, W, 602, 608
5, B, 608, 621
5, W, 621, 627
5, B, 627, 640
5, W, 640, 646
5, W, 646, 652
5, B, 652, 665
5, W, 665, 671
5, W, 671, 677
5, B, 677, 690
5, W, 690, 696
5, B, 696, 709
5, W, 709, 715
5, W, 715, 721
5, B, 721, 734
5, W, 734, 740
5, W, 740, 746
5, B, 746, 759
5, W, 759, 765
5, B, 765, 778
5, W, 778, 784
5, W, 784, 790
5, W, 790, 796
5, W, 796, 802
5, W, 802, 808
5, W, 808, 814
5, W, 814, 820
5, W, 820, 826
6, F, 66, 77
6, F, 78, 89
6, F, 90, 101
6, F, 102, 113
6, F, 114, 125
6, F, 126, 137
6, F, 138, 149
6, F, 150, 161
6, F, 162, 173
6, F, 174, 185
6, B, 220, 233
6, F, 233, 244
6, B, 244, 257
6, F, 257, 268
6, B, 268, 281
6, F, 281, 292
6, B, 292, 305
6, F, 305, 316
6, B, 316, 329
6, F, 329, 340
6, B, 340, 353
6, B, 358, 371
6, F, 371, 382
6, B, 382, 395
6, F, 395, 406
6, B, 406, 419
6, F, 419, 430
6, B, 430, 443
6, F, 443, 454
6, B, 454, 467
6, F, 467, 478
6, B, 478, 491
6, F, 491, 502
6, B, 502, 515
6, F, 515, 526
6, B, 526, 539
6, F, 539, 550
6, B, 550, 563
6, F, 563, 574
6, B, 574, 587
6, W, 587, 593
6, B, 593, 606
6, W, 606, 612
6, B, 612, 625
6, W, 625, 631
6, W, 631, 637
6, B, 637, 650
6, W, 650, 656
6, W, 656, 662
6, B, 662, 675
6, W, 675, 681
6, B, 681, 694
6, W, 694, 700
6, W, 700, 706
6, B, 706, 719
6, W, 719, 725
6, W, 725, 731
6, B, 731, 744
6, W, 744, 750
6, B, 750, 763
6, W, 763, 769
6, W, 769, 775
6, W, 775, 781
6, W, 781, 787
6, W, 787, 793
6, W, 793, 799
6, W, 799, 805
6, W, 805, 811
6, W, 811, 817
6, W, 817, 823
6, W, 823, 829
6, W, 829, 835
7, F, 137, 149
7, B, 149, 160
7, F, 160, 172
7, B, 172, 183
7, F, 183, 195
7, B, 195, 206
7, F, 206, 218
7, B, 218, 229
7, F, 229, 241
7, B, 241, 252
7, F, 252, 264
7, B, 264, 275
7, F, 275, 287
7, B, 287, 298
7, F, 298, 310
7, B, 310, 321
7, F, 321, 333
7, B, 333, 344
7, F, 344, 356
7, B, 356, 367
7, F, 367, 379
7, B, 379, 390
7, F, 390, 402
7, B, 402, 413
7, F, 413, 425
7, B, 425, 436
7, F, 436, 448
7, B, 448, 459
7, F, 459, 471
7, B, 471, 482
7, F, 482, 494
7, B, 494, 505
7, F, 505, 517
7, B, 517, 528
7, F, 528, 540
7, B, 540, 551
7, F, 551, 563
7, B, 563, 574
7, F, 574, 586
7, B, 586, 597
7, F, 597, 609
7, B, 609, 620
7, F, 620, 632
7, B, 632, 643
7, F, 643, 655
7, B, 655, 666
7, F, 666, 678
7, B, 678, 689
7, W, 689, 695
7, W, 695, 701
7, W, 701, 707
7, W, 707, 713
7, W, 713, 719
7, W, 719, 725
7, W, 725, 731
7, W, 731, 737
7, W, 737, 743
7, W, 743, 749
7, W, 749, 755
7, W, 755, 761
7, W, 761, 767
7, W, 767, 773
7, W, 773, 779
7, W, 779, 785
7, W, 785, 791
7, W, 791, 797
7, W, 797, 803
7, W, 803, 809
7, W, 809, 815
7, W, 815, 821
7, W, 821, 827
7, W, 827, 833
