0, F, 0, 10
0, F, 10, 20
0, F, 20, 30
0, F, 30, 40
0, F, 40, 50
0, F, 50, 60
0, F, 60, 70
0, F, 70, 80
0, F, 80, 90
0, F, 90, 100
0, F, 100, 110
0, F, 110, 120
0, F, 120, 130
0, F, 130, 140
0, F, 140, 150
0, F, 150, 160
0, F, 160, 170
0, F, 170, 180
0, F, 180, 190
0, B, 247, 258
0, F, 258, 268
0, F, 268, 278
0, B, 281, 292
0, F, 292, 302
0, F, 302, 312
0, B, 312, 323
0, F, 323, 333
0, B, 333, 344
0, W, 344, 349
0, W, 349, 354
0, B, 354, 365
0, W, 365, 370
0, W, 370, 375
0, B, 375, 386
0, W, 386, 391
0, W, 391, 396
0, B, 397, 408
0, W, 408, 413
0, B, 420, 431
0, W, 431, 436
0, B, 443, 454
0, W, 454, 459
0, B, 467, 478
0, W, 478, 483
0, B, 483, 494
0, W, 494, 499
0, B, 503, 514
0, W, 514, 519
0, B, 527, 538
0, W, 538, 543
0, B, 557, 568
0, W, 568, 573
0, B, 593, 604
0, W, 604, 609
0, B, 617, 628
0, W, 628, 633
0, B, 633, 644
0, W, 644, 649
0, B, 653, 664
0, W, 664, 669
0, B, 676, 687
0, W, 687, 692
0, B, 701, 712
0, W, 712, 717
0, B, 720, 731
0, W, 731, 736
0, B, 751, 762
0, W, 762, 767
0, B, 769, 780
0, W, 780, 785
0, B, 789, 800
0, W, 800, 805
1, F, 40, 51
1, F, 51, 62
1, F, 62, 73
1, F, 73, 84
1, F, 84, 95
1, F, 95, 106
1, F, 106, 117
1, F, 117, 128
1, F, 128, 139
1, F, 139, 150
1, F, 150, 161
1, F, 161, 172
1, F, 172, 183
1, F, 183, 194
1, F, 194, 205
1, B, 205, 217
1, F, 217, 228
1, F, 228, 239
1, B, 239, 251
1, F, 251, 262
1, B, 262, 274
1, F, 274, 285
1, B, 285, 297
1, F, 298, 309
1, B, 309, 321
1, F, 321, 332
1, B, 332, 344
1, F, 344, 355
1, B, 355, 367
1, F, 367, 378
1, B, 378, 390
1, F, 390, 401
1, B, 401, 413
1, W, 413, 419
1, W, 419, 425
1, B, 425, 437
1, B, 437, 449
1, W, 449, 455
1, W, 455, 461
1, B, 461, 473
1, W, 473, 479
1, W, 479, 485
1, B, 485, 497
1, W, 497, 503
1, W, 503, 509
1, W, 509, 515
1, B, 515, 527
1, W, 527, 533
1, W, 533, 539
1, W, 539, 545
1, W, 545, 551
1, B, 551, 563
1, W, 563, 569
1, W, 569, 575
1, B, 575, 587
1, B, 587, 599
1, W, 599, 605
1, W, 605, 611
1, B, 611, 623
1, W, 623, 629
1, B, 634, 646
1, W, 646, 652
1, B, 659, 671
1, W, 671, 677
1, B, 678, 690
1, W, 690, 696
1, B, 709, 721
1, W, 721, 727
1, B, 727, 739
1, W, 739, 745
1, B, 747, 759
1, W, 759, 765
2, F, 51, 62
2, F, 62, 73
2, F, 73, 84
2, F, 84, 95
2, F, 95, 106
2, F, 106, 117
2, F, 117, 128
2, F, 128, 139
2, F, 139, 150
2, F, 150, 161
2, F, 161, 172
2, F, 172, 183
2, B, 183, 196
2, F, 196, 207
2, F, 207, 218
2, B, 218, 231
2, F, 231, 242
2, B, 242, 255
2, F, 255, 266
2, B, 266, 279
2, F, 279, 290
2, B, 290, 303
2, F, 303, 314
2, B, 314, 327
2, F, 327, 338
2, B, 338, 351
2, F, 351, 362
2, B, 362, 375
2, F, 375, 386
2, B, 386, 399
2, F, 399, 410
2, B, 410, 423
2, B, 423, 436
2, F, 436, 447
2, B, 447, 460
2, F, 460, 471
2, B, 471, 484
2, W, 484, 490
2, W, 490, 496
2, B, 496, 509
2, W, 509, 515
2, W, 515, 521
2, W, 521, 527
2, W, 527, 533
2, B, 533, 546
2, W, 546, 552
2, W, 552, 558
2, B, 558, 571
2, B, 571, 584
2, W, 584, 590
2, W, 590, 596
2, B, 596, 609
2, W, 609, 615
2, W, 615, 621
2, B, 621, 634
2, W, 634, 640
2, W, 640, 646
2, B, 646, 659
2, W, 659, 665
2, B, 665, 678
2, W, 678, 684
2, W, 684, 690
2, W, 690, 696
2, B, 696, 709
2, B, 709, 722
2, W, 722, 728
2, W, 728, 734
2, B, 734, 747
2, W, 747, 753
2, W, 753, 759
2, W, 759, 765
2, W, 765, 771
3, F, 62, 74
3, F, 74, 86
3, F, 86, 98
3, F, 98, 110
3, F, 110, 122
3, F, 122, 134
3, F, 134, 146
3, F, 146, 158
3, F, 158, 170
3, B, 170, 183
3, F, 183, 195
3, B, 195, 208
3, F, 208, 220
3, B, 220, 233
3, F, 233, 245
3, B, 245, 258
3, F, 258, 270
3, B, 270, 283
3, F, 283, 295
3, B, 295, 308
3, F, 308, 320
3, B, 320, 333
3, F, 333, 345
3, B, 345, 358
3, F, 358, 370
3, B, 370, 383
3, F, 383, 395
3, B, 395, 408
3, B, 408, 421
3, F, 421, 433
3, B, 433, 446
3, F, 446, 458
3, B, 458, 471
3, F, 471, 483
3, B, 483, 496
3, F, 496, 508
3, F, 508, 520
3, B, 520, 533
3, F, 533, 545
3, B, 545, 558
3, B, 558, 571
3, W, 571, 578
3, B, 578, 591
3, W, 591, 598
3, W, 598, 605
3, B, 605, 618
3, W, 618, 625
3, W, 625, 632
3, B, 632, 645
3, W, 645, 652
3, B, 652, 665
3, W, 665, 672
3, W, 672, 679
3, B, 679, 692
3, B, 692, 705
3, W, 705, 712
3, W, 712, 719
3, B, 719, 732
3, W, 732, 739
3, W, 739, 746
3, W, 746, 753
3, W, 753, 760
3, W, 760, 767
3, W, 767, 774
3, W, 774, 781
3, W, 781, 788
3, W, 788, 795
3, W, 795, 802
3, W, 802, 809
3, W, 809, 816
3, W, 816, 823
3, W, 823, 830
4, F, 74, 85
4, F, 86, 97
4, F, 98, 109
4, F, 110, 121
4, F, 122, 133
4, F, 134, 145
4, F, 146, 157
4, B, 157, 170
4, F, 170, 181
4, B, 181, 194
4, F, 194, 205
4, B, 205, 218
4, F, 218, 229
4, B, 229, 242
4, F, 242, 253
4, B, 253, 266
4, F, 266, 277
4, B, 277, 290
4, F, 290, 301
4, B, 301, 314
4, F, 314, 325
4, B, 325, 338
4, F, 338, 349
4, B, 349, 362
4, F, 362, 373
4, B, 373, 386
4, B, 386, 399
4, F, 399, 410
4, B, 410, 423
4, F, 423, 434
4, F, 434, 445
4, B, 445, 458
4, F, 458, 469
4, B, 469, 482
4, W, 482, 489
4, F, 489, 500
4, B, 500, 513
4, F, 513, 524
4, B, 524, 537
4, B, 537, 550
4, F, 550, 561
4, B, 561, 574
4, F, 574, 585
4, W, 585, 592
4, B, 592, 605
4, W, 605, 612
4, W, 612, 619
4, B, 619, 632
4, W, 632, 639
4, B, 639, 652
4, W, 652, 659
4, W, 659, 666
4, B, 666, 679
4, B, 679, 692
4, W, 692, 699
4, W, 699, 706
4, B, 706, 719
4, W, 719, 726
4, W, 726, 733
4, W, 733, 740
4, W, 740, 747
4, W, 747, 754
4, W, 754, 761
4, W, 761, 768
4, W, 768, 775
4, W, 775, 782
4, W, 782, 789
4, W, 789, 796
4, W, 796, 803
4, W, 803, 810
4, W, 810, 817
4, W, 817, 824
5, F, 85, 96
5, F, 97, 108
5, F, 109, 120
5, F, 121, 132
5, F, 133, 144
5, B, 144, 157
5, F, 157, 168
5, B, 168, 181
5, F, 181, 192
5, B, 192, 205
5, F, 205, 216
5, B, 216, 229
5, F, 229, 240
5, B, 240, 253
5, F, 253, 264
5, B, 264, 277
5, F, 277, 288
5, B, 288, 301
5, F, 301, 312
5, B, 312, 325
5, F, 325, 336
5, B, 336, 349
5, F, 349, 360
5, B, 360, 373
5, B, 373, 386
5, F, 386, 397
5, B, 397, 410
5, F, 410, 421
5, F, 421, 432
5, B, 432, 445
5, F, 445, 456
5, B, 456, 469
5, F, 469, 480
5, B, 480, 493
5, F, 493, 504
5, B, 504, 517
5, B, 517, 530
5, F, 530, 541
5, B, 541, 554
5, F, 554, 565
5, F, 565, 576
5, B, 576, 589
5, F, 589, 600
5, B, 600, 613
5, W, 613, 619
5, W, 619, 625
5, B, 625, 638
5, W, 638, 644
5, W, 644, 650
5, B, 650, 663
5, B, 663, 676
5, W, 676, 682
5, W, 682, 688
5, B, 688, 701
5, W, 701, 707
5, W, 707, 713
5, W, 713, 719
5, W, 719, 725
5, W, 725, 731
5, W, 731, 737
5, W, 737, 743
5, W, 743, 749
5, W, 749, 755
5, W, 755, 761
5, W, 761, 767
5, W, 767, 773
5, W, 773, 779
5, W, 779, 785
5, W, 785, 791
5, W, 791, 797
5, W, 797, 803
5, W, 803, 809
6, F, 96, 107
6, F, 108, 119
6, F, 120, 131
6, B, 131, 144
6, F, 144, 155
6, B, 155, 168
6, F, 168, 179
6, B, 179, 192
6, F, 192, 203
6, B, 203, 216
6, F, 216, 227
6, B, 227, 240
6, F, 240, 251
6, B, 251, 264
6, F, 264, 275
6, B, 275, 288
6, F, 288, 299
6, B, 299, 312
6, F, 312, 323
6, B, 323, 336
6, F, 336, 347
6, B, 347, 360
6, B, 360, 373
6, F, 373, 384
6, B, 384, 397
6, F, 397, 408
6, F, 408, 419
6, B, 419, 432
6, F, 432, 443
6, B, 443, 456
6, F, 456, 467
6, B, 467, 480
6, F, 480, 491
6, B, 491, 504
6, B, 504, 517
6, F, 517, 528
6, B, 528, 541
6, F, 541, 552
6, F, 552, 563
6, B, 563, 576
6, F, 576, 587
6, B, 587, 600
6, F, 600, 611
6, B, 611, 624
6, F, 624, 635
6, B, 635, 648
6, B, 648, 661
6, W, 661, 667
6, W, 667, 673
6, B, 673, 686
6, W, 686, 692
6, W, 692, 698
6, W, 698, 704
6, W, 704, 710
6, W, 710, 716
6, W, 716, 722
6, W, 722, 728
6, W, 728, 734
6, W, 734, 740
6, W, 740, 746
6, W, 746, 752
6, W, 752, 758
6, W, 758, 764
6, W, 764, 770
6, W, 770, 776
6, W, 776, 782
6, W, 782, 788
6, W, 788, 794
6, W, 794, 800
6, W, 800, 806
6, W, 806, 812
6, W, 812, 818
7, F, 107, 119
7, B, 119, 130
7, F, 130, 142
7, B, 142, 153
7, F, 153, 165
7, B, 165, 176
7, F, 176, 188
7, B, 188, 199
7, F, 199, 211
7, B, 211, 222
7, F, 222, 234
7, B, 234, 245
7, F, 245, 257
7, B, 257, 268
7, F, 268, 280
7, B, 280, 291
7, F, 291, 303
7, B, 303, 314
7, F, 314, 326
7, B, 326, 337
7, F, 337, 349
7, B, 349, 360
7, F, 360, 372
7, B, 372, 383
7, W, 383, 389
7, F, 389, 401
7, B, 401, 412
7, F, 412, 424
7, B, 424, 435
7, F, 435, 447
7, B, 447, 458
7, F, 458, 470
7, B, 470, 481
7, F, 481, 493
7, B, 493, 504
7, F, 504, 516
7, B, 516, 527
7, W, 527, 533
7, F, 533, 545
7, B, 545, 556
7, F, 556, 568
7, B, 568, 579
7, F, 579, 591
7, B, 591, 602
7, F, 602, 614
7, B, 614, 625
7, F, 625, 637
7, B, 637, 648
7, F, 648, 660
7, B, 660, 671
7, W, 671, 677
7, W, 677, 683
7, W, 683, 689
7, W, 689, 695
7, W, 695, 701
7, W, 701, 707
7, W, 707, 713
7, W, 713, 719
7, W, 719, 725
7, W, 725, 731
7, W, 731, 737
7, W, 737, 743
7, W, 743, 749
7, W, 749, 755
7, W, 755, 761
7, W, 761, 767
7, W, 767, 773
7, W, 773, 779
7, W, 779, 785
7, W, 785, 791
7, W, 791, 797
7, W, 797, 803
